210	95	2
210	82	2
210	211	2
210	212	2
105	221	2
105	222	2
46	2	4
46	11	2
46	35	2
46	21	2
46	9	2
139	136	2
139	137	2
139	138	2
139	140	2
188	187	2
188	189	2
222	221	2
171	172	2
171	173	2
171	18	2
171	174	2
171	175	2
73	116	3
73	117	3
73	118	3
73	26	4
73	71	4
73	36	4
73	72	4
73	74	4
92	5	2
92	45	2
158	85	2
158	86	2
158	88	2
158	57	2
114	23	2
114	19	3
187	189	2
81	80	2
81	133	2
81	134	2
237	20	2
237	10	2
237	25	2
237	238	2
147	143	2
147	144	2
147	145	2
147	146	2
147	148	2
147	149	2
146	143	2
146	144	2
146	145	2
146	148	2
146	149	2
193	14	2
193	194	2
193	195	2
166	164	2
166	165	2
166	93	2
176	177	2
179	178	2
179	180	2
179	181	2
179	182	2
179	183	2
179	184	2
179	185	2
179	186	2
238	20	2
238	10	2
238	25	2
55	142	2
55	83	3
55	106	2
55	223	2
104	2	3
104	11	2
104	35	2
152	42	2
152	43	2
152	44	2
241	240	2
241	242	2
241	243	2
249	250	2
249	251	2
249	252	2
249	253	2
195	14	2
195	194	2
234	108	2
234	233	2
234	235	2
234	109	2
234	236	2
19	244	2
19	23	4
57	85	3
57	156	2
57	86	3
57	157	2
57	88	3
199	49	2
199	200	2
170	58	2
170	167	2
170	168	2
170	169	2
208	209	2
77	27	3
77	78	3
14	129	2
14	130	2
14	131	2
14	94	3
14	59	4
14	194	2
14	30	2
8	6	13
8	1	13
8	4	13
8	7	13
8	3	13
228	226	2
228	227	2
228	229	2
53	231	2
53	232	2
53	115	2
43	42	5
43	44	5
153	79	2
135	38	2
135	39	2
10	20	2
10	25	6
10	246	2
10	50	4
10	51	4
74	116	3
74	117	3
74	118	3
74	26	4
74	71	4
74	36	4
74	72	4
63	84	2
63	68	3
164	165	2
164	93	2
65	64	4
248	11	2
248	2	2
32	98	2
133	80	2
133	134	2
243	240	2
243	242	2
54	154	2
99	100	3
230	69	2
230	67	2
230	103	2
182	178	2
182	180	2
182	181	2
182	183	2
182	184	2
182	185	2
182	186	2
27	78	3
27	31	2
173	172	2
173	18	2
173	174	2
173	175	2
122	76	3
253	250	2
253	251	2
253	252	2
120	38	3
120	107	2
120	39	2
186	178	2
186	180	2
186	181	2
186	183	2
186	184	2
186	185	2
191	15	2
191	22	2
191	190	2
191	47	2
107	38	3
107	39	3
89	18	3
89	90	3
11	2	12
11	17	7
11	33	6
11	34	6
11	21	8
11	12	6
11	112	3
11	35	6
11	113	3
6	1	14
6	4	13
6	7	14
6	3	13
251	250	2
251	252	2
240	242	2
151	150	2
151	84	2
71	116	3
71	117	3
71	118	3
71	26	4
71	36	4
71	72	4
94	59	2
61	30	3
61	102	3
61	224	2
61	225	2
61	87	2
35	34	2
35	2	6
35	17	2
35	21	4
35	12	3
35	112	2
35	113	3
229	226	2
229	227	2
160	159	2
66	245	2
134	80	2
239	110	2
217	215	2
26	36	6
26	40	2
26	116	3
26	117	3
26	118	3
26	72	4
69	67	3
69	103	2
82	95	2
82	211	2
82	212	2
30	87	3
30	59	2
30	224	2
30	102	2
30	225	2
5	41	3
5	1	4
5	45	2
70	75	3
42	44	5
227	226	2
15	22	5
15	190	2
15	47	3
15	96	3
15	52	2
140	136	2
140	137	2
140	138	2
125	123	2
125	124	2
125	126	2
125	127	2
28	128	2
28	97	3
28	62	3
119	121	2
197	196	2
197	198	2
86	85	3
86	156	2
86	157	2
86	88	2
196	198	2
181	178	2
181	180	2
181	183	2
181	184	2
181	185	2
96	22	2
155	56	2
132	29	2
132	16	2
132	37	2
132	9	2
72	116	3
72	117	3
72	118	3
72	36	4
118	116	3
118	117	3
118	36	3
90	18	3
21	34	6
21	2	8
21	17	6
21	33	5
21	12	5
21	112	2
21	113	2
207	205	2
207	206	2
236	108	2
236	233	2
236	235	2
236	109	2
67	216	2
67	103	3
16	29	3
16	37	5
16	9	7
16	48	5
16	192	2
16	214	2
91	31	3
29	37	3
29	9	6
83	106	2
83	223	2
175	172	2
175	18	2
175	174	2
40	141	2
40	36	2
232	231	2
13	24	6
13	41	2
13	60	4
13	219	2
13	220	2
136	137	2
136	138	2
156	85	2
156	157	2
144	143	2
144	145	2
144	148	2
144	149	2
192	9	2
192	48	2
206	205	2
109	108	3
109	233	2
109	235	2
178	180	2
178	183	2
178	184	2
178	185	2
93	165	2
52	22	3
52	47	4
52	218	2
124	123	2
124	126	2
124	127	2
117	116	3
117	36	3
150	84	2
202	201	2
123	126	2
123	127	2
172	18	2
172	174	2
183	180	2
183	184	2
183	185	2
190	22	2
190	47	2
108	233	2
108	235	2
185	180	2
185	184	2
12	34	4
12	2	6
12	17	4
12	33	3
12	112	3
12	113	2
18	174	2
2	17	7
2	33	6
2	34	6
2	112	3
2	113	3
204	203	2
180	184	2
48	9	4
48	37	2
48	214	2
223	106	2
250	252	2
161	162	2
161	163	2
212	95	2
212	211	2
112	34	2
112	17	2
22	47	4
168	58	2
168	167	2
168	169	2
149	143	2
149	145	2
149	148	2
167	58	2
167	169	2
87	224	2
87	102	2
87	225	2
3	1	16
3	4	14
3	7	13
3	45	2
25	20	2
25	50	2
25	51	2
200	49	2
37	9	5
37	214	2
219	220	2
60	24	3
7	1	14
7	4	13
127	126	2
17	33	6
17	34	6
36	116	3
4	1	14
211	95	2
51	50	5
85	157	2
85	88	2
101	213	2
148	143	2
148	145	2
225	224	2
225	102	2
137	138	2
34	33	5
163	162	2
102	224	2
1	45	3
38	39	4
58	169	2
247	111	2
214	9	2
235	233	2
143	145	2
