1	40	20
1	27	27
1	16	55
1	10	118
1	11	95
1	39	15
1	18	53
1	68	5
1	12	99
1	73	4
1	14	75
1	15	71
1	29	27
1	42	11
1	31	13
1	7	228
1	5	141
1	23	34
1	52	12
1	17	61
1	8	210
1	37	20
1	41	16
1	43	13
1	59	3
1	77	3
1	60	1
1	22	40
1	62	6
1	28	13
1	38	12
1	2	31
1	54	10
1	36	26
1	4	46
1	49	6
1	20	34
1	3	51
1	35	14
1	33	16
1	6	42
1	55	6
1	51	6
1	30	20
1	9	26
1	50	5
1	57	6
1	32	18
1	58	11
1	13	25
1	44	15
1	64	7
1	48	10
1	61	1
1	78	5
1	19	5
1	34	5
1	45	11
1	69	3
1	26	2
1	56	4
1	70	1
1	21	3
1	24	1
1	80	4
1	47	4
1	63	2
1	67	1
1	75	4
1	79	1
1	65	2
1	25	3
1	76	1
1	71	2
1	66	2
40	27	2
40	52	3
40	17	6
40	29	1
40	30	1
40	22	1
40	7	5
40	23	1
40	56	1
40	16	1
40	25	1
40	21	1
40	12	2
40	6	3
40	5	1
40	14	2
40	2	2
40	15	2
40	11	1
40	41	1
40	4	1
40	10	1
27	12	4
27	73	1
27	14	6
27	15	4
27	6	5
27	79	2
27	11	3
27	74	1
27	7	9
27	46	6
27	28	1
27	10	4
27	17	3
27	30	2
27	22	4
27	34	1
27	16	5
27	2	6
27	39	2
27	32	2
27	48	3
27	4	3
27	3	4
27	8	1
27	21	3
27	5	7
27	18	1
27	9	1
27	75	1
27	33	1
27	44	1
16	10	7
16	11	31
16	39	6
16	18	4
16	2	54
16	42	7
16	65	3
16	7	15
16	32	18
16	54	3
16	28	7
16	4	6
16	5	13
16	66	1
16	51	3
16	6	16
16	53	2
16	38	3
16	59	1
16	70	1
16	74	2
16	33	6
16	9	3
16	64	2
16	71	1
16	20	7
16	35	7
16	3	6
16	62	1
16	30	3
16	13	2
16	56	2
16	17	6
16	25	1
16	31	7
16	79	1
16	15	4
16	77	2
16	68	2
16	14	7
16	50	1
16	22	4
16	8	3
16	69	2
16	24	2
16	63	1
16	12	5
16	45	4
16	36	3
16	43	1
16	75	1
16	47	1
16	23	2
16	21	1
16	60	1
16	37	2
16	41	2
16	29	1
16	34	1
10	11	9
10	39	3
10	18	6
10	6	16
10	31	6
10	2	41
10	3	23
10	15	11
10	37	4
10	12	12
10	22	9
10	38	7
10	7	15
10	36	3
10	33	4
10	29	5
10	17	10
10	14	11
10	30	7
10	23	9
10	50	3
10	57	1
10	13	6
10	69	4
10	24	3
10	74	1
10	5	24
10	4	13
10	73	2
10	48	2
10	49	3
10	68	1
10	19	6
10	41	2
10	9	6
10	63	1
10	21	6
10	44	2
10	8	6
10	45	3
10	34	4
10	54	3
10	42	2
10	75	2
10	25	2
10	55	3
10	53	1
11	39	13
11	18	13
11	61	3
11	7	25
11	42	8
11	31	10
11	6	50
11	41	9
11	2	43
11	28	22
11	59	1
11	19	2
11	77	1
11	3	7
11	79	2
11	74	3
11	14	11
11	23	6
11	5	11
11	20	11
11	35	10
11	29	1
11	17	5
11	66	4
11	24	2
11	51	7
11	53	2
11	63	4
11	30	6
11	56	4
11	26	2
11	33	5
11	12	5
11	9	10
11	52	2
11	48	2
11	38	5
11	58	1
11	44	1
11	8	3
11	4	8
11	37	3
11	55	1
11	15	3
11	22	6
11	43	2
11	54	2
11	45	5
11	50	3
11	73	1
11	71	2
11	36	2
11	32	2
11	46	1
11	65	2
11	75	1
11	70	3
11	69	1
11	49	1
11	72	2
11	64	2
11	47	1
39	18	2
39	59	2
39	3	1
39	4	1
39	9	3
39	71	2
39	20	5
39	31	1
39	23	1
39	38	1
39	12	1
39	44	1
39	14	1
39	8	1
39	7	3
39	2	7
39	32	1
39	56	2
39	29	2
39	5	2
39	36	1
39	35	3
39	28	2
39	74	1
39	6	5
39	66	1
39	24	1
39	17	3
39	69	2
39	30	1
39	65	1
39	79	1
39	15	1
39	45	2
18	2	25
18	17	5
18	7	13
18	4	3
18	5	14
18	29	3
18	6	11
18	12	12
18	14	10
18	15	4
18	37	5
18	50	5
18	57	3
18	58	11
18	62	1
18	3	1
18	23	4
18	38	2
18	73	2
18	36	1
18	30	4
18	22	5
18	48	1
18	49	1
18	31	1
18	68	1
18	20	5
18	35	1
18	9	5
18	55	2
18	51	1
18	8	4
18	63	1
18	41	1
18	52	2
18	24	1
18	34	1
18	33	1
18	13	6
18	25	1
6	17	9
6	7	44
6	41	10
6	4	26
6	2	34
6	14	27
6	79	1
6	74	1
6	28	7
6	31	4
6	22	3
6	5	69
6	50	2
6	8	14
6	29	5
6	12	40
6	15	5
6	53	2
6	3	9
6	13	9
6	38	7
6	45	4
6	32	4
6	44	2
6	9	16
6	61	1
6	20	1
6	19	3
6	49	4
6	23	2
6	62	1
6	63	2
6	73	1
6	30	4
6	42	3
6	71	1
6	35	5
6	21	1
6	36	5
6	65	1
6	25	2
6	33	1
6	43	3
6	67	1
6	46	2
6	55	1
6	75	1
61	7	2
61	28	1
61	35	1
61	5	1
7	3	37
7	42	4
7	31	4
7	41	4
7	28	8
7	2	95
7	24	15
7	17	10
7	13	8
7	79	1
7	74	2
7	4	30
7	8	13
7	49	3
7	25	6
7	5	29
7	21	9
7	66	1
7	38	10
7	14	20
7	29	12
7	12	22
7	48	3
7	34	3
7	15	21
7	23	11
7	37	5
7	50	4
7	57	2
7	22	13
7	58	3
7	62	2
7	30	13
7	44	4
7	20	8
7	43	2
7	64	3
7	73	3
7	36	6
7	68	2
7	9	11
7	77	1
7	51	1
7	63	1
7	19	2
7	32	3
7	33	4
7	65	3
7	46	1
7	75	1
7	52	1
7	60	1
7	35	1
7	45	3
7	47	2
7	72	1
3	5	110
3	15	24
3	23	5
3	12	19
3	21	2
3	25	3
3	2	11
3	50	4
3	14	14
3	63	2
3	69	1
3	9	9
3	22	4
3	13	3
3	8	6
3	62	2
3	4	14
3	71	1
3	20	3
3	31	3
3	51	2
3	29	2
3	17	13
3	38	4
3	73	1
3	36	1
3	30	3
3	48	1
3	49	1
3	68	1
3	33	4
3	19	2
3	74	1
3	43	1
3	35	1
3	75	1
3	55	1
3	45	1
3	44	1
3	79	1
3	32	1
3	34	1
3	37	1
3	53	1
3	65	1
3	57	1
68	2	2
68	29	2
68	23	2
68	17	1
68	38	1
68	12	1
68	73	1
68	5	1
68	14	1
68	36	1
68	50	1
68	15	1
68	30	1
68	22	1
68	48	1
68	49	1
68	31	1
2	4	49
2	5	101
2	9	16
2	28	9
2	42	11
2	65	4
2	32	18
2	8	13
2	37	2
2	54	5
2	23	10
2	20	25
2	35	9
2	26	40
2	66	1
2	31	12
2	14	35
2	49	3
2	47	6
2	17	39
2	15	38
2	63	3
2	30	10
2	56	6
2	38	4
2	59	2
2	70	3
2	13	12
2	74	3
2	33	11
2	22	8
2	52	2
2	48	2
2	64	1
2	71	1
2	43	4
2	60	1
2	12	20
2	50	4
2	29	6
2	77	2
2	21	8
2	36	4
2	79	1
2	57	3
2	69	4
2	55	1
2	25	3
2	19	8
2	44	2
2	75	1
2	76	2
2	73	1
2	67	2
2	24	2
2	51	3
2	62	1
2	41	1
12	73	2
12	14	21
12	15	5
12	17	6
12	19	8
12	5	26
12	22	10
12	52	1
12	42	4
12	23	9
12	33	6
12	4	11
12	29	6
12	25	5
12	48	2
12	8	8
12	38	8
12	37	2
12	50	3
12	57	1
12	58	3
12	44	6
12	20	5
12	36	4
12	30	6
12	49	1
12	31	1
12	43	1
12	54	1
12	35	2
12	41	1
12	45	4
12	70	1
12	24	1
12	65	3
12	55	1
12	32	1
12	26	3
12	9	6
12	13	5
12	53	1
73	14	3
73	15	2
73	29	1
73	23	2
73	17	1
73	38	2
73	5	2
73	36	1
73	50	2
73	30	2
73	22	2
73	48	1
73	49	1
73	31	1
73	63	1
73	4	1
73	41	1
14	15	19
14	76	1
14	4	28
14	20	3
14	29	11
14	77	2
14	23	5
14	5	27
14	49	2
14	17	7
14	25	2
14	48	4
14	46	1
14	28	1
14	60	1
14	38	5
14	44	4
14	8	10
14	50	4
14	36	5
14	30	4
14	22	13
14	31	2
14	9	5
14	13	2
14	63	2
14	55	1
14	51	2
14	42	3
14	43	3
14	54	1
14	35	3
14	41	3
14	59	1
14	33	4
14	45	1
14	32	2
14	65	2
14	19	1
14	75	1
14	52	2
14	37	2
14	34	1
14	69	1
14	72	1
15	5	20
15	29	5
15	17	4
15	25	5
15	63	1
15	8	8
15	46	1
15	28	1
15	4	12
15	23	2
15	38	4
15	36	4
15	50	2
15	30	4
15	22	6
15	48	2
15	49	1
15	31	1
15	44	2
15	9	7
15	13	1
15	20	3
15	35	2
15	55	2
15	51	2
15	33	4
15	19	1
15	42	2
15	74	1
15	37	2
15	41	1
15	52	1
15	70	1
15	65	1
15	57	1
15	26	1
15	21	1
15	45	1
15	69	1
15	72	1
29	52	1
29	17	7
29	77	3
29	4	3
29	25	1
29	48	2
29	23	2
29	38	2
29	5	6
29	36	3
29	50	1
29	30	3
29	22	4
29	49	1
29	31	4
29	20	5
29	35	3
29	33	2
29	9	3
29	41	1
29	21	1
29	59	1
29	34	1
29	28	1
29	8	2
19	8	10
19	17	2
19	23	6
19	33	1
19	22	2
19	5	20
19	4	2
19	9	4
19	21	1
19	30	1
19	46	2
19	55	1
8	4	5
8	49	1
8	22	8
8	5	31
8	23	6
8	38	3
8	44	3
8	20	1
8	64	1
8	50	1
8	30	1
8	51	1
8	9	3
8	26	1
8	34	3
8	33	3
8	41	1
8	24	1
8	52	1
8	42	1
8	69	1
8	25	1
17	52	3
17	31	3
17	25	3
17	48	2
17	56	3
17	30	2
17	22	4
17	34	1
17	23	3
17	38	1
17	5	10
17	36	3
17	50	2
17	49	1
17	20	1
17	69	2
17	4	6
17	13	1
17	24	1
17	33	4
17	51	1
17	44	1
17	75	2
17	42	1
17	65	1
17	47	2
17	41	1
17	46	1
5	4	46
5	25	14
5	9	43
5	23	11
5	52	3
5	42	6
5	26	4
5	49	2
5	50	5
5	53	1
5	60	6
5	44	3
5	13	12
5	62	1
5	38	4
5	36	7
5	30	3
5	22	10
5	48	1
5	31	2
5	20	6
5	35	6
5	21	7
5	32	2
5	55	1
5	51	1
5	57	1
5	33	6
5	59	1
5	34	4
5	43	3
5	63	1
5	41	2
5	24	3
5	65	5
5	37	4
5	75	1
5	46	2
5	76	1
5	47	1
5	72	1
42	31	3
42	65	2
42	77	1
42	52	1
42	32	4
42	74	1
42	33	3
42	35	3
42	20	4
42	43	2
42	54	1
42	41	2
42	9	3
42	23	1
42	36	1
42	37	1
42	30	1
42	45	1
31	77	2
31	28	6
31	63	1
31	30	2
31	24	3
31	4	10
31	9	4
31	71	2
31	20	2
31	54	4
31	23	1
31	38	2
31	36	1
31	50	1
31	22	2
31	48	1
31	49	1
31	74	1
31	32	5
31	33	2
31	13	1
31	51	1
31	35	5
31	45	1
31	47	4
31	37	2
31	41	1
31	59	1
41	43	6
41	20	3
41	54	1
41	35	1
41	63	1
41	23	1
41	38	1
41	4	1
41	50	1
41	30	1
41	22	1
41	28	1
41	37	2
41	32	1
23	33	4
23	49	2
23	38	5
23	44	3
23	20	1
23	36	2
23	50	2
23	30	5
23	22	6
23	48	1
23	62	1
23	21	2
23	63	1
23	4	1
23	65	2
23	55	2
23	9	2
23	13	1
23	52	1
23	37	1
23	57	1
4	49	4
4	47	6
4	26	5
4	9	5
4	13	10
4	71	1
4	20	1
4	54	3
4	59	3
4	38	2
4	50	2
4	30	5
4	22	5
4	51	1
4	37	4
4	33	2
4	63	1
4	32	1
4	44	1
4	25	2
4	67	3
4	35	5
4	46	4
4	55	2
4	34	1
4	48	1
4	21	1
52	48	1
52	37	2
52	22	2
52	33	1
37	50	1
37	57	2
37	9	3
37	33	2
37	62	1
37	25	1
37	22	2
37	55	1
37	32	1
37	45	1
37	59	1
37	51	1
37	20	1
37	43	1
43	9	7
43	20	2
43	54	1
43	35	1
43	71	1
43	30	1
76	25	1
9	28	6
9	71	2
9	20	4
9	33	3
9	74	1
9	35	1
9	26	1
9	38	3
9	30	2
9	22	2
9	21	3
9	70	4
9	55	2
9	57	2
9	69	1
9	13	1
28	24	13
28	51	1
28	63	2
28	30	4
28	46	1
28	13	1
28	74	1
28	66	4
28	20	4
28	35	1
28	70	1
65	44	2
65	36	3
65	33	2
24	66	5
24	30	1
24	64	1
24	20	1
24	33	2
24	35	1
24	50	1
59	38	1
59	56	1
59	22	1
59	64	1
59	32	1
59	34	1
59	13	1
59	47	1
59	51	1
13	26	1
13	30	1
13	25	2
13	67	2
13	71	1
13	33	1
13	38	1
13	34	1
13	75	1
77	74	1
60	25	1
60	72	1
60	35	1
22	30	5
22	38	5
22	36	3
22	50	3
22	48	1
22	49	1
22	55	1
22	51	2
22	56	1
22	63	1
22	44	2
22	33	3
22	75	1
22	57	1
79	74	1
79	62	1
74	33	1
62	58	1
62	33	1
32	35	1
32	64	1
32	21	1
32	56	1
32	51	1
32	54	1
38	44	3
38	20	2
38	36	1
38	50	3
38	30	3
38	48	1
38	49	1
38	51	1
38	63	1
38	53	2
38	75	1
38	25	1
38	35	1
54	20	1
54	35	1
54	25	1
54	34	1
36	33	2
36	50	1
36	30	1
36	48	1
36	49	1
36	20	2
36	35	2
36	44	2
49	50	1
49	30	3
49	48	1
49	75	2
49	55	2
25	48	1
25	30	1
25	67	1
25	45	4
25	34	6
25	56	1
25	33	1
25	72	1
20	35	14
20	64	2
20	71	3
20	44	1
20	33	4
20	30	1
20	53	1
20	69	1
21	34	1
21	26	1
35	64	2
35	71	1
35	33	1
35	47	3
26	56	2
26	51	4
33	30	1
33	71	1
33	64	1
33	75	1
66	30	1
66	56	1
50	57	1
50	30	3
50	48	1
50	51	1
50	63	1
50	47	1
47	72	1
55	57	2
55	30	3
55	51	1
55	45	1
48	30	1
48	46	2
51	56	3
51	30	2
30	63	3
34	45	3
57	67	1
45	71	1
64	71	1
67	72	1
