19	1	13
19	11	2
19	2	7
19	26	3
19	25	1
19	14	2
19	4	3
19	9	5
19	37	1
19	15	4
19	41	1
19	42	1
19	3	4
19	39	1
19	32	2
19	7	5
19	8	4
19	65	1
19	13	2
19	16	1
19	6	1
19	5	3
19	23	1
19	10	2
19	45	2
19	51	3
19	22	1
19	28	2
1	7	11
1	4	39
1	29	3
1	22	15
1	2	82
1	42	3
1	5	31
1	24	3
1	55	2
1	16	12
1	13	9
1	20	9
1	63	1
1	10	19
1	27	3
1	50	3
1	52	3
1	18	7
1	3	24
1	39	3
1	44	2
1	9	18
1	11	20
1	26	5
1	25	3
1	6	13
1	14	5
1	15	17
1	51	2
1	30	2
1	21	5
1	8	24
1	32	9
1	75	1
1	34	3
1	37	5
1	41	3
1	35	8
1	38	2
1	12	5
1	43	6
1	54	1
1	76	1
1	56	3
1	59	2
1	33	6
1	47	1
1	46	5
1	40	4
1	28	2
1	58	2
1	36	2
1	23	10
1	17	2
1	31	1
1	65	1
1	64	3
1	66	2
1	49	1
1	73	1
20	5	1
20	68	2
20	24	3
20	39	1
20	7	3
20	3	5
20	29	1
20	2	18
20	77	1
20	42	1
20	12	2
20	4	4
20	6	3
20	16	2
20	31	1
20	48	1
20	25	1
20	59	1
20	26	1
5	68	1
5	4	13
5	24	4
5	25	2
5	42	1
5	2	21
5	43	7
5	33	4
5	46	3
5	12	1
5	7	8
5	44	3
5	8	11
5	10	4
5	3	4
5	16	2
5	39	1
5	22	6
5	77	1
5	32	6
5	6	3
5	9	5
5	13	1
5	58	2
5	54	1
5	15	4
5	47	2
5	34	1
5	23	5
5	11	2
5	45	2
5	64	1
5	50	1
5	62	2
5	38	1
5	40	1
5	27	1
5	36	1
5	30	2
5	26	3
5	17	1
68	10	1
68	3	1
68	6	1
7	22	2
7	55	1
7	43	1
7	36	1
7	2	7
7	24	3
7	70	1
7	11	8
7	27	2
7	12	3
7	26	3
7	13	2
7	17	2
7	47	2
7	34	2
7	10	1
7	45	1
7	61	1
7	21	4
7	15	1
7	28	3
7	3	4
7	4	2
7	49	1
7	62	2
7	18	1
7	69	1
7	8	2
7	32	1
7	14	2
4	22	6
4	13	5
4	63	2
4	10	6
4	2	13
4	11	8
4	8	9
4	33	2
4	43	2
4	9	9
4	15	10
4	14	7
4	37	6
4	41	3
4	31	2
4	32	2
4	6	3
4	79	1
4	48	1
4	58	1
4	54	4
4	27	1
4	34	1
4	26	1
4	3	6
4	36	4
4	17	3
4	51	1
4	23	2
4	55	1
4	21	2
4	78	1
4	42	2
4	25	2
4	12	2
4	45	1
4	46	2
4	69	1
4	44	5
4	18	5
4	53	5
4	28	1
3	12	29
3	14	8
3	9	4
3	28	6
3	21	5
3	78	1
3	10	6
3	39	7
3	29	1
3	32	1
3	58	1
3	67	5
3	59	2
3	2	9
3	16	13
3	17	6
3	65	4
3	30	2
3	42	7
3	35	7
3	38	1
3	24	6
3	22	1
3	44	2
3	15	2
3	13	1
3	71	1
3	33	3
3	56	2
3	23	2
3	6	9
3	11	10
3	51	1
3	27	1
3	73	2
3	31	1
3	26	3
3	34	3
3	18	3
3	64	1
3	75	1
3	47	5
3	49	2
3	62	2
3	8	3
3	55	1
3	37	3
3	74	1
3	41	1
12	14	2
12	9	4
12	26	2
12	46	1
12	17	19
12	2	11
12	25	14
12	24	4
12	23	1
12	65	3
12	30	3
12	42	4
12	35	5
12	38	3
12	49	3
12	71	3
12	39	2
12	8	6
12	69	2
12	59	1
12	72	4
12	29	1
12	16	4
12	10	1
12	67	2
12	55	2
12	70	3
12	80	1
12	78	1
12	6	2
12	28	1
12	47	3
12	21	2
12	50	1
12	34	2
12	13	1
12	15	1
12	41	1
12	62	1
12	76	1
14	9	5
14	27	6
14	51	2
14	2	3
14	16	1
14	39	1
14	15	3
14	37	1
14	41	1
14	10	2
14	60	2
14	25	2
14	72	1
14	44	2
14	11	2
14	17	1
14	26	1
14	28	1
14	50	2
14	47	1
14	24	1
14	34	1
14	23	1
14	53	1
14	32	1
9	30	6
9	22	5
9	43	1
9	33	5
9	11	6
9	37	2
9	15	2
9	41	3
9	2	11
9	40	2
9	31	2
9	70	1
9	10	5
9	8	4
9	75	1
9	29	3
9	34	2
9	54	1
9	72	2
9	45	1
9	6	4
9	47	2
9	13	2
9	46	1
9	32	3
9	18	1
9	64	2
9	49	3
9	25	1
9	16	1
9	36	3
9	51	1
9	27	1
42	24	3
42	2	3
42	29	1
42	49	1
42	39	1
42	11	1
42	35	1
42	25	3
42	17	2
42	8	1
42	69	1
42	6	1
24	25	2
24	2	4
24	39	3
24	29	2
24	17	2
24	49	1
24	35	2
24	38	3
24	70	1
24	26	2
24	71	1
24	11	2
24	61	1
24	6	2
24	8	1
24	56	1
24	47	1
24	34	1
10	8	8
10	63	7
10	27	5
10	50	2
10	52	3
10	18	3
10	2	8
10	33	4
10	32	6
10	56	3
10	28	1
10	74	1
10	31	2
10	60	3
10	21	1
10	13	1
10	51	1
10	36	1
10	45	1
10	37	2
10	49	1
10	53	1
10	25	1
10	22	1
10	43	2
10	44	2
10	11	2
10	73	1
10	64	1
8	32	4
8	28	2
8	23	3
8	51	1
8	11	4
8	2	7
8	25	3
8	16	3
8	22	4
8	46	4
8	57	1
8	15	4
8	33	1
8	30	2
8	80	1
8	78	1
8	6	2
8	55	2
8	61	1
8	31	1
8	27	1
8	17	1
8	47	1
8	62	1
25	75	1
25	76	2
25	2	12
25	11	4
25	26	3
25	80	1
25	48	1
25	56	1
25	71	1
25	16	2
25	72	1
25	49	1
25	69	1
25	13	1
25	55	1
25	15	1
29	11	2
29	75	1
29	34	1
29	2	9
29	39	1
29	40	2
29	22	1
29	37	1
29	36	1
29	15	1
22	55	1
22	58	1
22	23	1
22	44	1
22	57	1
22	11	1
22	2	3
22	46	2
22	13	1
22	6	1
22	45	1
22	43	1
22	33	1
22	32	3
22	15	1
22	36	1
2	6	8
2	43	4
2	33	2
2	40	18
2	11	13
2	26	4
2	16	5
2	39	3
2	70	2
2	77	4
2	32	1
2	61	2
2	71	1
2	53	1
2	35	5
2	23	8
2	64	3
2	47	1
2	46	2
2	17	5
2	36	1
2	45	3
2	58	1
2	31	1
2	62	1
2	13	4
2	38	2
2	37	2
2	73	3
2	18	1
2	44	1
2	67	2
2	55	1
2	69	1
2	56	1
2	51	1
2	15	2
2	59	1
2	28	1
2	27	1
2	41	1
2	76	1
2	21	1
26	11	2
26	71	1
26	13	1
26	30	1
26	17	1
26	31	1
26	65	1
26	28	3
26	21	1
26	74	1
26	47	1
30	18	2
30	66	1
30	21	3
30	17	2
30	65	1
30	45	3
30	11	2
30	70	1
30	80	1
30	78	1
30	6	1
30	50	1
30	47	1
30	36	1
30	51	1
39	16	2
39	34	1
39	6	2
39	71	1
39	38	2
39	61	1
39	33	1
13	31	1
13	16	1
13	65	1
13	51	1
13	41	1
13	17	2
13	62	1
13	21	1
13	37	1
13	56	1
6	51	1
6	34	2
6	38	3
6	16	5
6	53	1
6	11	5
6	36	3
6	15	1
6	17	2
6	40	1
6	44	1
6	67	1
6	28	2
6	55	2
6	23	1
6	37	1
6	43	1
43	33	2
43	11	1
43	77	1
43	55	1
33	11	1
27	63	4
27	31	1
27	32	3
27	18	1
27	35	1
18	50	3
18	52	3
18	80	1
18	17	1
18	53	6
18	11	2
18	64	1
18	49	1
18	62	1
18	44	5
18	15	5
18	32	1
18	63	1
63	32	3
51	15	3
51	23	1
51	28	1
51	41	1
51	17	1
51	16	1
51	36	1
75	11	2
75	34	2
75	47	1
28	23	5
28	36	1
28	67	1
28	35	1
55	21	1
55	78	1
55	38	1
55	70	1
55	15	2
46	47	1
46	41	1
46	40	1
46	15	4
46	11	1
17	36	1
17	65	3
17	69	2
17	11	3
17	15	3
17	31	1
17	67	2
17	16	1
17	38	1
17	70	1
17	47	2
17	35	1
17	34	1
17	62	1
36	23	2
36	11	2
36	15	1
16	53	1
16	11	2
16	48	1
16	49	1
16	47	1
16	38	1
21	78	2
21	45	1
21	49	1
21	11	2
21	50	1
21	62	1
21	67	1
21	15	1
21	35	1
78	80	1
11	69	2
11	15	3
11	23	1
11	34	1
11	61	1
11	64	1
11	67	1
11	74	1
11	47	1
44	53	5
44	15	5
79	48	3
79	15	1
48	59	1
48	80	1
48	56	2
48	15	1
48	31	1
48	54	1
50	52	2
40	37	1
80	56	1
49	62	1
49	47	1
49	45	1
49	70	1
32	58	1
32	56	3
32	61	1
32	23	2
32	34	1
58	31	1
67	59	1
59	35	4
59	65	1
15	37	1
15	41	2
15	23	1
15	53	5
47	41	2
47	34	2
47	74	1
47	65	1
47	62	1
41	37	1
41	23	1
41	65	1
23	35	1
23	62	1
65	35	1
65	31	1
65	37	1
34	35	2
37	57	1
35	38	1
38	70	2
38	61	1
70	31	1
56	54	1
31	74	3
77	64	1
