5	13	2
5	40	2
5	11	3
5	87	3
5	123	2
5	137	2
72	41	2
131	32	2
27	43	2
27	1	2
145	24	2
145	141	2
145	142	2
145	7	2
145	143	2
145	144	2
145	1	2
145	146	2
145	147	2
62	150	2
104	2	2
130	28	2
130	4	2
130	89	2
138	40	2
138	139	2
138	140	2
21	81	3
21	1	2
21	111	2
21	112	2
21	113	2
21	114	2
21	115	2
21	7	6
21	12	2
21	2	6
21	18	3
21	28	2
113	1	2
113	111	2
113	112	2
113	114	2
113	115	2
113	81	2
99	86	2
38	1	2
1	2	2
1	3	4
1	26	2
1	12	2
1	22	5
1	55	5
1	43	2
1	84	2
1	110	2
1	111	2
1	112	2
1	114	2
1	115	2
1	81	2
1	45	2
1	83	2
1	122	2
1	68	2
1	10	2
1	11	3
1	50	2
1	35	2
1	7	4
1	24	2
1	141	2
1	142	2
1	143	2
1	144	2
1	146	2
1	147	2
1	82	2
1	48	2
1	90	2
133	52	2
59	2	3
56	44	2
56	71	2
119	116	2
119	117	2
119	25	2
119	8	2
119	118	2
121	57	2
134	91	2
134	92	2
134	135	2
134	2	2
134	136	2
93	9	3
93	3	3
93	94	3
93	95	3
129	24	2
55	22	3
28	7	3
28	4	2
28	89	2
28	2	2
100	151	2
100	31	2
100	37	2
137	87	2
64	108	2
64	20	3
109	8	2
67	10	2
67	37	2
46	25	2
46	120	2
46	35	2
46	127	2
95	9	3
95	3	3
95	94	3
74	97	3
74	75	4
74	8	4
74	76	4
48	90	2
49	70	2
49	2	2
136	91	2
136	92	2
136	135	2
136	2	2
97	75	3
97	8	3
97	76	3
101	7	2
126	34	2
42	33	4
42	106	2
42	107	2
42	132	2
79	25	2
79	8	2
142	24	2
142	141	2
142	7	2
142	143	2
142	144	2
142	146	2
142	147	2
103	8	2
106	33	2
106	107	2
47	14	2
23	10	2
23	77	4
114	111	2
114	112	2
114	115	2
114	81	2
127	35	2
125	2	2
102	25	2
102	8	2
116	117	2
116	25	2
116	8	2
116	118	2
152	13	2
152	153	2
4	37	2
4	17	8
4	11	2
4	65	4
4	39	3
4	8	7
4	89	2
4	60	2
50	6	3
29	6	3
80	2	3
54	8	5
149	12	2
149	2	2
98	9	2
144	24	2
144	141	2
144	7	2
144	143	2
144	146	2
144	147	2
153	13	2
16	30	2
16	12	6
16	36	3
16	19	3
16	22	3
16	61	3
16	35	2
31	151	2
31	37	2
40	139	2
40	140	2
36	30	4
36	12	5
36	19	5
85	7	3
140	139	2
151	37	2
33	107	2
58	10	3
128	9	2
14	18	3
14	2	3
24	141	2
24	7	2
24	143	2
24	146	2
24	147	2
146	141	2
146	7	2
146	143	2
146	147	2
13	11	11
13	2	7
91	92	3
91	135	2
91	2	2
9	105	2
9	71	2
9	3	3
9	94	3
9	73	3
15	2	17
41	3	4
65	17	3
118	117	2
118	25	2
118	8	2
63	69	2
94	3	3
78	51	2
69	66	2
86	34	2
20	108	2
25	8	7
25	117	2
92	135	2
92	2	2
17	11	5
61	12	2
61	2	2
11	2	6
8	117	2
8	124	2
8	39	2
8	75	4
8	76	4
8	148	2
8	7	2
147	141	2
147	7	2
147	143	2
111	112	2
111	115	2
111	81	2
75	76	4
22	35	3
3	12	3
3	51	2
81	112	2
81	115	2
30	12	5
30	19	5
112	115	2
10	96	2
7	12	4
7	2	12
7	18	6
7	141	2
7	143	2
135	2	2
53	12	2
53	19	5
88	6	2
34	6	2
6	26	7
141	143	2
2	52	2
2	18	8
2	12	6
19	12	7
18	12	2
