27	3	66
27	21	12
27	22	10
27	13	90
27	102	15
27	70	10
27	182	5
27	157	2
27	115	8
27	63	2
27	199	2
27	113	2
27	24	3
27	242	2
27	53	2
27	47	3
27	94	2
113	235	10
113	104	6
225	48	10
225	10	2
225	4	2
239	26	3
239	48	3
239	32	4
239	123	2
239	14	2
122	17	2
122	9	2
122	76	2
122	108	6
122	16	2
122	120	6
122	54	2
122	117	2
122	77	2
112	105	3
112	226	6
112	38	7
112	161	3
112	37	2
112	95	5
112	50	2
112	58	4
112	83	3
112	163	2
112	232	2
73	148	3
73	8	5
73	28	15
73	25	3
73	209	3
73	7	10
73	50	4
73	89	2
73	140	4
73	206	2
73	166	3
73	109	3
169	28	3
169	35	3
169	7	7
169	8	14
169	65	2
169	15	4
169	82	4
169	39	2
169	204	4
207	6	3
207	181	2
207	4	2
207	1	3
207	12	2
207	211	2
145	55	3
145	121	6
145	24	3
145	50	7
145	83	3
145	168	4
145	139	2
145	37	3
202	50	2
202	89	2
202	155	2
234	1	2
229	197	2
229	6	13
229	60	2
229	10	2
229	54	4
193	7	2
193	70	2
193	98	3
1	5	97
1	4	99
1	194	4
1	85	34
1	10	23
1	118	4
1	132	11
1	71	13
1	16	31
1	46	7
1	20	9
1	111	7
1	6	10
1	54	6
1	9	9
1	96	5
1	97	4
1	78	6
1	26	6
1	14	8
1	230	2
1	2	35
1	33	3
1	159	22
1	165	21
1	172	21
1	29	27
1	32	2
1	92	9
1	83	9
1	150	4
1	232	4
1	66	6
1	90	5
1	174	7
1	40	7
1	128	9
1	41	4
1	84	2
1	17	4
1	61	13
1	44	5
1	153	14
1	117	2
1	72	5
1	18	3
1	12	3
1	237	6
1	123	2
1	45	6
1	95	3
1	222	4
1	30	2
1	81	2
1	24	6
1	191	2
1	58	3
1	135	3
1	76	2
1	151	2
1	249	4
1	3	2
1	74	8
1	51	2
1	101	6
1	77	4
1	156	2
1	98	2
1	129	2
1	19	6
1	11	7
1	23	11
1	162	2
1	190	3
1	176	2
1	120	2
1	108	2
1	48	3
1	50	2
1	34	3
1	142	2
1	158	2
153	4	5
153	5	12
153	10	3
153	29	3
153	58	2
153	135	2
130	64	2
130	166	2
130	68	3
120	241	2
120	108	23
120	66	7
120	61	5
120	138	4
120	15	3
120	2	2
120	222	4
120	76	3
120	16	5
120	48	4
120	43	3
120	18	2
213	4	2
213	36	7
213	17	4
213	2	5
78	26	5
78	16	2
78	150	6
78	29	8
78	4	6
78	99	10
78	14	7
78	97	3
78	10	5
78	5	4
78	20	2
78	32	2
78	190	2
78	33	2
78	197	2
78	2	2
91	196	5
91	25	7
91	86	6
91	35	6
91	236	2
91	65	5
91	7	6
91	39	4
91	42	3
91	56	2
91	247	6
91	146	3
91	205	2
91	49	3
91	64	3
91	179	2
151	20	20
151	248	3
151	29	2
151	54	2
151	34	4
217	81	2
217	135	2
217	141	2
217	40	2
217	83	2
217	226	2
217	219	4
220	7	3
90	5	2
90	31	4
90	6	2
90	33	3
90	60	3
90	11	2
90	10	2
90	173	4
90	2	11
90	48	2
166	95	2
166	50	5
166	37	3
201	55	3
64	157	2
64	141	2
64	179	4
64	218	2
64	7	4
64	25	2
64	247	2
64	146	3
64	39	2
64	24	2
64	36	2
64	244	2
64	75	2
54	6	33
54	9	4
54	96	19
54	24	2
54	33	4
54	29	2
54	129	4
54	20	2
54	34	2
54	16	3
54	17	2
54	23	2
54	60	3
54	10	2
54	11	2
54	197	3
42	160	9
42	56	29
42	7	4
42	15	2
42	8	3
42	57	2
42	35	7
42	39	2
42	65	2
42	94	2
42	36	3
42	177	2
42	164	2
72	71	2
72	111	3
72	243	8
72	6	2
72	33	2
72	96	2
72	18	2
72	9	2
240	5	4
240	10	3
240	224	6
240	2	3
240	50	2
240	7	3
13	102	15
13	245	3
13	70	12
13	3	102
13	182	9
13	21	9
13	22	9
13	115	24
13	157	3
13	98	4
13	218	2
13	63	3
13	31	2
13	143	2
13	53	3
13	45	2
13	199	2
13	24	3
13	84	2
13	7	2
13	231	2
13	131	2
13	47	2
13	59	2
89	50	12
89	7	2
89	15	2
89	58	7
89	38	2
89	168	5
89	95	2
89	121	6
89	105	2
89	37	2
89	83	2
89	175	2
89	24	3
89	28	5
89	188	5
181	45	9
181	19	6
181	2	2
181	9	2
181	51	2
138	15	23
138	108	5
62	18	28
62	119	3
62	221	5
62	184	3
62	189	11
62	176	2
62	20	2
62	43	2
62	6	2
41	12	18
41	127	7
41	66	8
41	133	4
41	119	3
41	11	5
41	5	3
41	31	8
41	51	7
41	186	5
41	142	2
41	9	5
41	178	5
41	2	4
41	223	3
41	43	2
41	14	2
41	19	2
41	44	2
41	10	2
44	233	4
44	162	2
44	19	15
44	51	3
44	20	8
44	66	4
44	24	2
44	9	4
44	2	4
44	11	5
44	108	4
44	16	4
44	45	3
44	223	3
44	4	2
11	33	2
11	60	2
11	4	6
11	19	21
11	111	2
11	66	3
11	16	2
11	12	4
11	233	4
11	9	14
11	10	13
11	6	2
11	150	2
11	3	2
11	53	2
11	45	2
11	85	2
11	2	4
11	74	2
11	83	3
11	5	2
11	51	2
11	17	3
11	156	2
11	186	2
216	49	2
216	154	6
216	65	3
216	35	3
126	24	2
126	49	3
126	57	12
126	35	2
126	212	2
126	56	4
126	195	2
126	25	2
126	170	3
126	171	2
126	65	2
108	241	3
108	125	2
108	66	8
108	61	6
108	15	3
108	48	2
108	222	4
108	76	3
108	16	6
108	223	3
108	43	3
108	9	2
83	110	5
83	8	7
83	232	9
83	66	4
83	4	7
83	168	3
83	95	3
83	85	3
83	29	4
83	50	3
83	249	3
83	226	3
83	180	2
83	5	2
249	118	3
249	77	3
249	5	4
249	85	2
249	29	2
249	4	4
238	198	3
238	146	9
238	247	2
238	36	2
238	65	2
238	140	2
238	25	2
238	15	2
238	7	2
142	123	3
142	6	2
142	2	2
142	10	3
142	34	2
142	48	5
19	45	30
19	2	6
19	156	3
19	16	2
19	51	5
19	71	3
19	9	6
19	20	3
19	85	2
19	5	5
19	173	4
19	134	2
19	246	2
19	211	3
19	149	2
19	99	2
19	12	2
19	233	2
19	4	2
218	141	2
218	179	4
218	3	4
218	98	2
218	115	2
218	81	2
218	37	2
218	163	3
218	121	3
168	38	2
168	175	3
168	37	3
168	58	3
168	121	7
231	3	12
231	141	2
231	185	2
165	159	21
165	172	21
165	4	17
165	5	3
129	6	5
129	17	4
129	66	3
129	118	2
129	101	2
129	77	2
129	4	4
129	111	2
129	9	2
129	61	2
129	18	2
129	43	2
129	248	2
129	67	2
155	180	3
155	167	5
155	57	4
48	103	3
48	17	4
48	5	7
48	10	4
48	24	2
48	187	2
48	40	3
48	43	5
48	66	2
48	157	3
48	20	3
48	34	3
48	2	3
48	4	2
48	14	2
175	38	19
175	37	2
175	185	3
175	17	2
175	121	2
30	55	2
30	68	4
30	154	2
30	38	2
30	115	2
30	37	2
30	98	2
30	157	2
30	136	2
30	152	3
30	8	2
30	125	4
30	24	2
30	9	2
101	118	15
101	77	5
101	4	4
101	2	3
101	10	3
101	5	4
176	43	6
176	32	2
74	24	2
74	162	2
74	2	21
74	6	3
74	17	2
74	16	2
74	224	2
74	3	3
74	23	6
74	5	3
74	21	2
74	22	2
74	4	3
74	10	2
81	131	3
81	3	3
81	179	3
81	135	9
81	69	2
81	87	3
81	141	4
81	185	2
81	180	3
81	12	2
81	237	2
51	5	5
51	12	7
51	31	6
51	186	4
51	2	3
51	10	6
51	133	3
51	17	2
51	9	6
51	23	4
40	32	4
40	10	4
40	18	8
40	34	23
40	132	3
40	20	9
40	67	4
40	2	6
40	43	5
40	26	6
40	192	2
40	9	2
40	5	2
40	16	4
88	3	29
88	47	32
88	200	12
88	114	2
88	22	2
88	84	2
88	163	2
159	172	21
159	4	17
159	5	3
161	94	2
161	38	3
161	58	5
161	141	2
161	179	2
161	95	2
248	67	7
248	20	4
248	14	2
127	12	2
127	31	5
127	69	7
127	125	2
152	183	11
152	55	6
152	100	3
152	69	2
150	4	7
150	29	6
150	6	3
150	9	2
150	5	4
55	50	2
55	215	17
55	58	2
55	183	7
55	125	12
55	154	6
55	38	6
154	49	5
154	65	5
154	35	7
154	86	2
154	68	3
154	125	4
154	38	2
208	94	5
208	71	8
208	111	2
208	24	2
191	24	9
191	46	2
191	9	2
191	32	2
191	99	2
63	3	24
63	53	6
63	98	5
63	143	17
63	84	2
63	102	6
63	70	6
63	199	4
8	148	5
8	25	8
8	106	22
8	116	21
8	70	2
8	7	37
8	39	11
8	244	3
8	65	4
8	204	16
8	196	4
8	15	13
8	28	16
8	79	11
8	206	3
8	110	16
8	35	5
8	195	4
8	210	6
8	75	3
8	36	8
8	57	3
8	82	6
8	80	11
8	52	3
8	24	5
8	164	3
8	86	4
8	109	2
8	177	3
8	49	2
8	107	3
8	209	2
114	3	24
114	53	3
114	22	2
114	24	2
114	162	2
114	131	2
114	102	2
7	39	38
7	50	4
7	15	21
7	36	3
7	204	2
7	28	14
7	206	9
7	56	8
7	75	8
7	187	5
7	35	9
7	70	3
7	94	3
7	25	21
7	107	3
7	65	13
7	52	10
7	106	6
7	116	5
7	148	7
7	110	5
7	210	3
7	82	3
7	57	10
7	244	4
7	80	9
7	196	2
7	205	2
7	109	4
7	86	6
7	170	2
7	209	2
7	198	2
7	146	2
7	49	2
4	76	18
4	224	2
4	5	58
4	98	4
4	29	75
4	10	28
4	118	7
4	2	36
4	16	13
4	163	3
4	18	4
4	172	16
4	232	2
4	66	2
4	46	7
4	85	10
4	174	6
4	111	4
4	3	3
4	21	3
4	22	4
4	32	2
4	67	2
4	17	5
4	6	4
4	23	6
4	137	2
4	20	5
4	119	3
4	99	3
4	77	6
4	124	2
4	156	3
4	222	2
4	45	3
4	228	3
4	12	3
4	9	8
4	246	2
4	43	4
4	14	2
4	184	2
4	133	2
4	194	2
4	192	2
26	32	21
26	10	4
26	5	6
26	16	4
26	14	5
26	2	6
26	9	5
26	93	4
26	60	4
26	228	2
26	33	2
26	31	2
26	174	2
26	158	3
162	24	18
162	6	3
162	3	3
162	5	3
162	92	3
172	5	3
21	3	92
21	22	102
21	2	4
21	47	5
21	9	2
21	179	3
21	245	4
21	53	7
21	182	2
21	84	3
21	102	3
237	66	3
237	111	7
237	228	2
237	71	2
237	61	4
237	12	2
136	141	2
75	39	7
75	65	2
75	25	5
75	56	3
75	244	3
75	173	2
75	52	3
75	57	3
75	80	2
96	6	28
96	9	2
96	33	8
96	18	2
96	60	3
96	67	2
171	65	2
171	25	2
171	56	3
171	170	2
29	98	3
29	5	27
29	18	3
29	10	7
29	85	9
29	174	2
29	6	3
29	20	3
29	118	2
29	46	2
29	119	2
29	45	2
29	2	6
29	9	3
29	184	2
29	16	3
29	192	2
35	24	2
35	49	27
35	57	7
35	65	10
35	187	2
35	39	4
35	52	2
35	86	34
35	236	2
35	25	2
35	82	4
35	28	4
35	170	6
35	56	2
35	109	4
35	148	3
224	5	3
224	10	3
224	2	2
224	23	2
31	2	4
31	12	7
31	186	4
31	3	3
31	115	3
31	61	4
31	178	2
31	9	5
158	14	3
158	33	2
167	180	6
167	9	4
167	135	2
133	12	2
133	9	5
133	23	3
133	5	2
98	3	12
98	143	7
98	115	4
98	59	2
98	24	3
98	242	2
98	53	2
98	199	2
98	111	2
98	37	5
98	61	5
131	3	19
131	179	3
131	102	4
190	97	8
190	14	3
190	85	2
190	10	2
190	5	2
56	39	7
56	160	7
56	25	3
56	187	2
56	36	2
56	139	2
56	170	3
56	65	2
14	117	4
14	5	5
14	32	14
14	93	9
14	227	8
14	2	5
14	97	12
14	18	2
14	123	7
14	10	3
14	76	2
14	16	2
199	3	11
199	53	2
199	143	3
199	59	3
186	12	4
97	5	4
97	93	3
97	2	2
97	123	4
97	10	2
111	12	2
111	71	12
111	46	4
111	20	5
111	6	2
111	66	4
111	2	5
111	17	2
111	61	2
111	94	2
111	3	2
52	28	2
52	24	2
52	15	8
52	210	6
52	25	6
52	49	5
52	39	3
52	170	2
52	148	2
52	57	7
117	6	5
117	32	6
117	2	2
117	33	2
117	93	2
117	23	2
149	2	15
65	244	2
65	49	6
65	86	3
65	39	5
65	36	2
65	25	7
65	15	2
65	247	2
65	146	3
65	80	2
65	187	2
65	57	3
173	2	3
245	5	3
245	3	4
245	37	2
245	22	4
39	49	3
39	196	3
39	57	6
39	25	6
39	244	5
39	210	2
39	82	3
39	206	2
39	247	2
39	146	2
39	80	5
39	36	2
39	177	3
95	203	5
95	50	3
95	58	2
95	37	2
95	232	2
125	10	3
125	38	6
125	24	2
156	211	2
94	235	2
94	36	3
94	71	3
94	102	2
183	100	2
242	3	12
242	53	10
77	118	6
77	93	2
77	2	3
115	3	22
115	22	2
115	38	2
115	37	2
115	24	2
115	144	3
18	61	2
18	119	7
18	214	9
18	184	3
18	20	12
18	6	6
18	66	6
18	189	15
18	12	3
18	46	4
18	221	3
18	2	4
18	17	5
18	5	2
18	43	8
18	34	3
18	192	2
16	2	31
16	76	5
16	132	2
16	24	3
16	157	2
16	222	4
16	66	7
16	61	4
16	5	11
16	10	4
16	241	2
16	71	2
16	93	2
16	23	7
16	43	2
16	9	2
134	12	2
134	9	11
134	5	2
134	10	2
203	24	2
203	2	7
203	36	3
203	50	2
200	47	17
200	3	7
24	50	4
24	6	11
24	2	3
24	9	5
24	123	2
24	57	2
24	212	10
24	3	6
24	12	2
24	184	3
24	5	4
24	187	2
24	92	3
24	23	3
24	104	2
24	177	2
24	32	2
24	99	2
66	241	3
66	61	7
66	232	3
66	20	8
66	157	2
66	222	5
66	12	2
66	119	2
66	10	3
66	6	2
66	9	2
66	76	2
67	219	3
67	43	5
67	2	14
67	20	15
67	6	2
67	17	2
178	12	3
178	124	2
179	3	4
179	141	4
179	58	2
179	22	3
85	5	6
85	2	2
85	45	2
85	10	2
236	188	2
187	49	2
61	139	2
61	241	3
61	2	7
61	157	2
61	222	4
61	76	3
61	5	5
61	9	2
61	71	2
61	17	3
61	46	2
61	37	5
82	28	9
82	25	4
82	140	2
82	79	2
82	204	2
121	105	3
121	50	3
121	37	3
121	58	2
185	38	6
185	141	5
185	80	3
185	25	4
185	195	4
204	15	2
188	28	5
135	58	3
135	5	3
60	10	13
60	33	27
60	6	16
198	28	4
198	36	4
198	140	4
198	146	13
198	80	2
37	38	26
37	105	10
37	58	8
37	226	3
37	50	4
80	106	2
80	116	2
80	177	3
80	25	5
80	148	3
80	57	2
45	2	5
45	71	2
45	9	2
45	10	2
110	106	2
119	6	3
119	214	3
119	33	2
119	12	4
146	28	5
146	140	6
146	247	6
146	36	3
146	15	2
182	3	17
182	22	2
194	20	2
194	38	2
233	9	2
79	28	2
79	36	3
79	46	3
79	9	2
79	25	3
244	148	2
244	25	6
244	57	2
244	36	2
227	32	3
20	6	2
20	46	10
20	71	4
20	2	19
20	17	12
20	34	15
20	5	5
20	157	3
20	241	3
20	230	3
105	226	3
105	38	5
105	58	8
105	50	4
3	84	30
3	53	58
3	22	87
3	47	41
3	59	35
3	143	21
3	2	8
3	70	5
3	141	4
3	144	11
3	157	3
3	102	12
3	9	3
3	147	9
3	163	5
3	23	2
3	107	2
22	2	4
22	47	5
22	9	2
22	53	7
22	84	2
22	70	2
226	38	6
226	58	3
23	2	20
23	76	7
23	9	5
23	10	3
23	17	3
23	5	3
104	235	2
139	50	2
139	5	2
140	28	16
140	109	2
241	15	3
241	230	6
241	76	2
228	2	2
228	10	2
228	17	2
34	214	2
34	17	4
34	132	2
34	6	2
93	2	5
93	32	4
93	10	2
189	6	2
46	71	4
46	5	4
46	10	14
46	12	4
46	118	2
46	6	2
46	9	2
46	212	5
46	17	2
197	33	2
197	2	2
197	6	3
197	99	2
209	25	8
209	15	5
143	53	2
124	12	10
124	9	4
223	2	3
223	9	5
76	2	14
76	222	2
76	9	2
76	5	7
174	2	2
174	10	2
103	17	22
103	10	13
147	59	4
222	2	2
222	10	3
222	5	4
15	106	2
15	116	2
15	109	2
15	36	3
15	25	4
15	28	2
15	230	3
15	50	2
15	49	6
15	210	2
15	148	4
210	25	8
210	195	2
210	49	2
211	12	2
141	58	3
32	10	12
32	2	4
32	5	2
32	99	3
84	53	27
84	9	3
84	47	2
84	102	2
36	25	4
36	2	2
70	102	3
70	68	2
192	2	3
192	5	2
109	205	3
109	28	6
109	86	3
123	5	4
5	10	46
5	118	4
5	2	25
5	9	7
5	12	3
5	58	3
5	6	4
5	219	2
5	17	4
5	92	2
5	71	2
5	33	2
99	2	4
99	10	2
33	6	29
33	2	3
33	10	7
214	221	2
12	71	2
12	9	10
12	6	2
12	2	2
12	43	3
2	6	3
2	9	14
2	230	6
2	92	2
2	17	10
2	10	15
2	71	8
2	53	3
47	102	3
47	53	3
47	163	2
47	59	3
49	57	2
49	86	10
49	170	4
49	25	2
49	28	2
49	148	2
9	6	2
9	17	2
9	10	3
9	180	3
9	53	2
170	86	2
205	25	8
196	106	2
196	116	2
196	25	3
196	247	2
38	58	9
38	50	4
38	17	2
38	163	2
206	28	7
219	43	2
57	212	2
57	195	2
57	25	2
57	148	2
184	43	2
157	43	3
28	25	3
28	106	2
28	116	2
28	86	3
43	10	4
195	25	14
221	6	3
221	10	3
221	17	2
10	118	4
10	17	25
10	6	6
132	92	14
71	17	2
58	50	7
148	25	7
148	86	2
163	59	3
116	25	2
116	106	28
6	212	2
6	118	2
6	17	3
106	25	2
25	247	5
102	53	2
